0 630 3240 90
3360 630 720 90
4200 630 2820 90
7140 630 2580 90
---
1368 528 96 102
1892 480 96 150
2416 432 96 198
2940 432 96 198
7572 528 96 102
8340 528 96 102
---
956 432 288 48
3696 432 192 48
3888 240 336 48
4296 240 240 48
4536 432 384 48
5400 432 336 48
5736 240 384 48
6120 432 192 48
---
6264 432 192 198 1
6528 432 192 198 0
6780 432 240 198 1
7140 432 192 198 0
8436 240 480 390 1
---
1468 1
2512 1
2560 1
4398 1
4348 1
5088 1
5136 1
6064 1
6112 1
8072 1
8120 1
---
4200 0
4888 1
5576 1
0 0
700 1
2092 0
3370 0